00000710
00001616
00008113
00004341
00003789
00001980
00005754
00008165
00000736
00006051
00005893
00004539
00002208
00008554
00009671
00000080
00006952
00007427
00000725
00002617
00002717
00009258
00007871
00004257
00008390
00007540
00001995
00008130
00003962
00002569
00006465
00004769
00004282
00002439
00007936
00007362
00009875
00002530
00006885
00008027
00000161
00003805
00005419
00008237
00006546
00001750
00001353
00005917
00006648
00000105
00008566
00007185
00003034
00003295
00008358
00001014
00000849
00003562
00008531
00004983
00002495
00008776
00009042
00006163
00004551
00008749
00006466
00009004
00003408
00007573
00006584
00003801
00004663
00007054
00008405
00001272
00009933
00002265
00008329
00001183
00000027
00002680
00009700
00000845
00005180
00004763
00003553
00009602
00001497
00006497
00009739
00008535
00002677
00002631
00003110
00000368
00005297
00002282
00004447
00004851
00002372
00001329
00000685
00003157
00005523
00007571
00006523
00008951
00007820
00000541
00005596
00000878
00008043
00002828
00003606
00009232
00009124
00007878
00006989
00000712
00000559
00001399
00005898
00002370
00005080
00000447
00005959
00003963
00008645
00003985
00009013
00003131
00009940
00009344
00002157
00003605
00008409
00002469
00009931
00006496
00005087
00007242
00002308
00005355
00008553
00006317
00005211
00009744
00005774
00003401
00001905
00007263
00006278
00000212
00009103
00006050
00002682
00000975
00007860
00008974
00002255
00003532
00006530
00005462
00006882
00000853
00002398
00002430
00004665
00009091
00003737
00009270
00008381
00002899
00006631
00000734
00007917
00003900
00009184
00002407
00009944
00006336
00002533
00003988
00003867
00006284
00006467
00004398
00004157
00008725
00006875
00004393
00002708
00003660
00004927
00006438
00004812
00005179
00006723
00003455
00005222
00004130
00003670
00009867
00006664
00005528
00007645
00001677
00003544
00006786
00005684
00003538
00009528
00009502
00001989
00004875
00001262
00001865
00005492
00009412
00008682
00002979
00002169
00004934
00003676
00009486
00005152
00002008
00007514
00009467
00006195
00006643
00009802
00009818
00000930
00009189
00008972
00002438
00002203
00008395
00006821
00004183
00001512
00005608
00000123
00009120
00006498
00004534
00001373
00000183
00009049
00007047
00005777
00003957
00003586
00009030
00001289
00004373
00008416
00002236
00007311
00005244
00002338
00007952
00006663
00003267
00001494
00001869
00007556
00007486
00005925
00005218
00006739
00007168
00007170
00005310
00005945
00008361
00005633
00007867
00003203
00003302
00007111
00007762
00002567
00008133
00009629
00009188
00002161
00006527
00005316
00005094
00006680
00005266
00009661
00007797
00001008
00004383
00009681
00005568
00007750
00000817
00004434
00000952
00006454
00005412
00007734
00005084
00008890
00007287
00002409
00009834
00003598
00009737
00003505
00003619
00005816
00005744
00006778
00000070
00009186
00004929
00007223
00004708
00005183
00004464
00003527
00007021
00007126
00005470
00003515
00003337
00008597
00003733
00005511
00005044
00000523
00007042
00006703
00004713
00004628
00005496
00004811
00005313
00003940
00005763
00001429
00001651
00000869
00009423
00007229
00008587
00005544
00000069
00006027
00008950
00004910
00005213
00000699
00001196
00006674
00007845
00005707
00003960
00008556
00002354
00002482
00000367
00001739
00008680
00007274
00006861
00003645
00007140
00000423
00008281
00001897
00000371
00001239
00004431
00002468
00005338
00001787
00009519
00004214
00005463
00000190
00006669
00001438
00002278
00004322
00001124
00001010
00008417
00005933
00005159
00008288
00007922
00008787
00004907
00001084
00009938
00008251
00006817
00005125
00002144
00001807
00002241
00008449
00008598
00009177
00003004
00004038
00004387
00003008
00005349
00009018
00008322
00008696
00008920
00004058
00009603
00006167
00001251
00006815
00007492
00007487
00001324
00005624
00002441
00000243
00005188
00006938
00001540
00004979
00006588
00004280
00006956
00008328
00007796
00004950
00009296
00005706
00005227
00005562
00000638
00009677
00000879
00005191
00005705
00008094
00008724
00001211
00008129
00009610
00004704
00008957
00008668
00000720
00005205
00007625
00005185
00009694
00000757
00003071
00002513
00006974
00002728
00005775
00000377
00006458
00006787
00006638
00008550
00007329
00009417
00000723
00009108
00003980
00001791
00000976
00000007
00000624
00002510
00005202
00001581
00000074
00003974
00006907
00003689
00007015
00006431
00006011
00006341
00003020
00002406
00009041
00000752
00009484
00007558
00000373
00005703
00005323
00001875
00008155
00007291
00009425
00004645
00000280
00005894
00000418
00003185
00004906
00003824
00006773
00003059
00007696
00004798
00000828
00005614
00004220
00002260
00007930
00004250
00005019
00006130
00003640
00006545
00001029
00000660
00006321
00008656
00005742
00008987
00003788
00000291
00002940
00003659
00002840
00007575
00002193
00003713
00009579
00004884
00001623
00003415
00000843
00003930
00000834
00006283
00001504
00007363
00006154
00007955
00002056
00003787
00009376
00005052
00003350
00002214
00006788
00001508
00004859
00007433
00000884
00005980
00008687
00006544
00006964
00002518
00000331
00002172
00006949
00003807
00005569
00005889
00007809
00005630
00001169
00003912
00008827
00003866
00007841
00005799
00006967
00003292
00003115
00009231
00004420
00006285
00005947
00007451
00001349
00000892
00007450
00001400
00002707
00004762
00007496
00008969
00004132
00000801
00000073
00006291
00006862
00009278
00008629
00002209
00003287
00000886
00004509
00000882
00004562
00005288
00008929
00005958
00003247
00005579
00004497
00008223
00004267
00003009
00009153
00008340
00002211
00007191
00007544
00008451
00003817
00001320
00006704
00003451
00008478
00002397
00005856
00007908
00004982
00006126
00008980
00001838
00001907
00008380
00004899
00008204
00001706
00007447
00008819
00009428
00005921
00007189
00005730
00004868
00002660
00005312
00006818
00009454
00007100
00000352
00002199
00008838
00008429
00000375
00000406
00006630
00008964
00008748
00000079
00007555
00006873
00001433
00006563
00002485
00002721
00003456
00007137
00002454
00001885
00004856
00000763
00006824
00003929
00002706
00000904
00001712
00003178
00001867
00001389
00000386
00009911
00009734
00008763
00004595
00001009
00002733
00003019
00009612
00001749
00007310
00004218
00005570
00004775
00004408
00005064
00009779
00000126
00001267
00000275
00008934
00007533
00004724
00005225
00002334
00007333
00007027
00004522
00000466
00003558
00001993
00001345
00005897
00002220
00001984
00007992
00002718
00006522
00000826
00007151
00000949
00003891
00004956
00004423
00009807
00009068
00009044
00008117
00000642
00007652
00003396
00005623
00006495
00007996
00001309
00005362
00007281
00003306
00004144
00005601
00003151
00003781
00000832
00009819
00004092
00005974
00003979
00003803
00009885
00006217
00004513
00002633
00004732
00001771
00003181
00000325
00000162
00009079
00009688
00006893
00001207
00005647
00009919
00000658
00003307
00003436
00004885
00006197
00004066
00001256
00006312
00007511
00008184
00008317
00007821
00001764
00003221
00005415
00007848
00006671
00000389
00006888
00006548
00002807
00004622
00005219
00005397
00006133
00003665
00007426
00000282
00008733
00007657
00003331
00007232
00009426
00002695
00000167
00000543
00007271
00003966
00004219
00006701
00009896
00002294
00006150
00002798
00007270
00002890
00007087
00001776
00003528
00002637
00009175
00004889
00008715
00000998
00009655
00004937
00007431
00000462
00001892
00005359
00007385
00004850
00008290
00006948
00007776
00008835
00001337
00005140
00006439
00008930
00006444
00007060
00002001
00001015
00009129
00006965
00008490
00004252
00003056
00004813
00003437
00005595
00005042
00003336
00004685
00001965
00006149
00004269
00001784
00004266
00004055
00000842
00001796
00006758
00003872
00003859
00007342
00005289
00001925
00003371
00003329
00008011
00000654
00002906
00009448
00004256
00000065
00006102
00001417
00001338
00007136
00006855
00009415
00007458
00008319
00008377
00004874
00000134
00005442
00000410
00003856
00007488
00008609
00004574
00009675
00006943
00003338
00006010
00007833
00009864
00009146
00001617
00006108
00006642
00008959
00007738
00000796
00009906
00009427
00008893
00001319
00004492
00004053
00009892
00006898
00001099
00003588
00004062
00002096
00003892
00003871
00004745
00001381
00006874
00005494
00009863
00007824
00001549
00000006
00002861
00001491
00005503
00003000
00001313
00002195
00002014
00008008
00009541
00007025
00008717
00006028
00004371
00000075
00000808
00003755
00003539
00006781
00001797
00000682
00001615
00005490
00008782
00004366
00000301
00004857
00006485
00005896
00007067
00007644
00000298
00003785
00000802
00009217
00007538
00002568
00004362
00000417
00004789
00000068
00005383
00002421
00008301
00003763
00009627
00006132
00008621
00007293
00006470
00002722
00009527
00006457
00001578
00007260
00007282
00004224
00005224
00005826
00008955
00004579
00002496
00006695
00009179
00009924
00003742
00008368
00006464
00003648
00003746
00004864
00002340
00002420
00006052
00007813
00002270
00003390
00006473
00006699
00008278
00008939
00006820
00007127
00008926
00006690
00004986
00001636
00005229
00008580
00006376
00004089
00007039
00004388
00008465
00006578
00006627
00004861
00001213
00002196
00006493
00005558
00003780
00009726
00009741
00004281
00005667
00007551
00002743
00009316
00009073
00007550
00009835
00000622
00006481
00008919
00009274
00007751
00001614
00004852
00006748
00007485
00001206
00004678
00000127
00005017
00009307
00002396
00008441
00008961
00004780
00005622
00007792
00009748
00009869
00007823
00009888
00002217
00000287
00007887
00006240
00008973
00001263
00000885
00007648
00003489
00001302
00007202
00000356
00005223
00009101
00008176
00003695
00005529
00005842
00004346
00002519
00003802
00001974
00001317
00008824
00004671
00009357
00007102
00003858
00006681
00008625
00008302
00006165
00005879
00006883
00005341
00004533
00001538
00004253
00002470
00003259
00009828
00007470
00008400
00006913
00004407
00004748
00002738
00007192
00006053
00004067
00006267
00004403
00001746
00009142
00007330
00007598
00003021
00000152
00004529
00001016
00005689
00002531
00001175
00004596
00009310
00006266
00003301
00008077
00002243
00005709
00007364
00000144
00002666
00000695
00007863
00006253
00006988
00002803
00005781
00003097
00002704
00001440
00006358
00009535
00004417
00004905
00008338
00004938
00001410
00004605
00000076
00007174
00001005
00007532
00003931
00003340
00001541
00002259
00001348
00001323
00008841
00005221
00006889
00005748
00004073
00004421
00009827
00004081
00001735
00006462
00008954
00009043
00002703
00001121
00006843
00006245
00003220
00003666
00006730
00002578
00007471
00008364
00006111
00002239
00005715
00008421
00009050
00004000
00004234
00004414
00001318
00000364
00002299
00003083
00006494
00003419
00006954
00003920
00004023
00001150
00006884
00006912
00003134
00000215
00005567
00008960
00009803
00006547
00000384
00009730
00007162
00004797
00004452
00008744
00006670
00006039
00006645
00007938
00006577
00008761
00005025
00007684
00009982
00007944
00002754
00002593
00003022
00007273
00009127
00007190
00003587
00002058
00003166
00003616
00009581
00002201
00001247
00009890
00007730
00008065
00007553
00008300
00005848
00005101
00005713
00009989
00003830
00003828
00001414
00004945
00004999
00003778
00004903
00000146
00000424
00005209
00009411
00002290
00009299
00001314
00001728
00001428
00008840
00000954
00003288
00007128
00002618
00006622
00008327
00001346
00003864
00008966
00003585
00004717
00000125
00009380
00007026
00008019
00000508
00004177
00008454
00007490
00005847
00006957
00005907
00009071
00002551
00004656
00002335
00004472
00007637
00000442
00007297
00002104
00008813
00007566
00009245
00000370
00005073
00000180
00006328
00006655
00006066
00002352
00009670
00000684
00005014
00002804
00005784
00009421
00004406
00005610
00006662
00002883
00006863
00005906
00009084
00005554
00007547
00006005
00001408
00000342
00000077
00007440
00002029
00007186
00001235
00003407
00008310
00007211
00005977
00004195
00007104
00003187
00004123
00009707
00007441
00008937
00004926
00006946
00006854
00000399
00002603
00005793
00007616
00002523
00001505
00002136
00006113
00009943
00006173
00000173
00003200
00001499
00001691
00005976
00000137
00005810
00006617
00003543
00009910
00000962
00007023
00009993
00001705
00003749
00006823
00007462
00005433
00006656
00006942
00000627
00007228
00000872
00000153
00008698
00009913
00006779
00003769
00002362
00004654
00002698
00009738
00000157
00000632
00004356
00002559
00005946
00004876
00000268
00008807
00007685
00003098
00002646
00004666
00004255
00009290
00005178
00008599
00002570
00006122
00009239
00003173
00002916
00004697
00002676
00007238
00004630
00004386
00005147
00002694
00004810
00005752
00000060
00005541
00001536
00000239
00006880
00007082
00000340
00003112
00001657
00007640
00006351
00000813
00008279
00002062
00006014
00006445
00009230
00002681
00004609
00009052
00001873
00009559
00001511
00004998
00007059
00008736
00003291
00003260
00006412
00005909
00006616
00001893
00007472
00008760
00000269
00005298
00001208
00000141
00003339
00002512
00003999
00002731
00004352
00008628
00003383
00004402
00007454
00002331
00002891
00009066
00000835
00005373
00002091
00009237
00007268
00009770
00000716
00005787
00007275
00004883
00008280
00005320
00003343
00001908
00004342
00002964
00001143
00000825
00008904
00006471
00009402
00002445
00004313
00007731
00005892
00003823
00006743
00005821
00008215
00007288
00003344
00006388
00006008
00001664
00003895
00000510
00008806
00007626
00008399
00000905
00007467
00009388
00008455
00007250
00009998
00008640
00000159
00005502
00001161
00004064
00001985
00001140
00004623
00001001
00001638
00005616
00007001
00002752
00008418
00006121
00003044
00009897
00000693
00007326
00003711
00000459
00005770
00005208
00004201
00005542
00006780
00004251
00004781
00007749
00006589
00006611
00009530
00002472
00004964
00001285
00005857
00003346
00000400
00007494
00003915
00004156
00005061
00001221
00001442
00008225
00000956
00001002
00004677
00009242
00006625
00006650
00009959
00002886
00004747
00000177
00004646
00003860
00007793
00009558
00000549
00003128
00006070
00002900
00004326
00006562
00004531
00007509
00002228
00003593
00001237
00000889
00007513
00007241
00008195
00007057
00006437
00006524
00004372
00009872
00008522
00004785
00006116
00003633
00002515
00004590
00001168
00008298
00006194
00003720
00005351
00007613
00004236
00000061
00007808
00002153
00001977
00007541
00005066
00007959
00009683
00008252
00004375
00003734
00009017
00008012
00007695
00000824
00002202
00001973
00000880
00008542
00005082
00009904
00004451
00008886
00005808
00007129
00006517
00006472
00004495
00008555
00001971
00009868
00008697
00001375
00003454
00008639
00009954
00000751
00003709
00008308
00000919
00006677
00001403
00005791
00000357
00001330
00005811
00004399
00005057
00007340
00006749
00003347
00009958
00004493
00008120
00005981
00005414
00005279
00005737
00001695
00009822
00001484
00004695
00005274
00006608
00006393
00009891
00004965
00005512
00006867
00005091
00001220
00004985
00004024
00004235
00001855
00008419
00004006
00004647
00009403
00001794
00007227
00003704
00007308
00000568
00000958
00004946
00006451
00000266
00004668
00007519
00006607
00006408
00006430
00001679
00005564
00002702
00003557
00009053
00008274
00008572
00005381
00004329
00004473
00006619
00007893
00003184
00000605
00002982
00004756
00006007
00000971
00007725
00003017
00003961
00004270
00000731
00005047
00007656
00007358
00005217
00008473
00002226
00006894
00000003
00007806
00008336
00003641
00005041
00003280
00007159
00006660
00004582
00003838
00001097
00001817
00000858
00008693
00003074
00001982
00000422
00008641
00005912
00001926
00006447
00006678
00007754
00007642
00002658
00003941
00000709
00000908
00002532
00001398
00002744
00009894
00009416
00005376
00006347
00001552
00001766
00001339
00009552
00005723
00003877
00001012
00009078
00006190
00001471
00000139
00002450
00006433
00000028
00004603
00008858
00002019
00002381
00004289
00006983
00002458
00005581
00004054
00004863
00006754
00003114
00006887
00005375
00003687
00003688
00009005
00006944
00007272
00007885
00008136
00001259
00009660
00003516
00007655
00005210
00005491
00002679
00000411
00001726
00005276
00004764
00002723
00002303
00002018
00009259
00004801
00002379
00006515
00005201
00008714
00008167
00003750
00004259
00002691
00000696
00004893
00008935
00002667
00008614
00008605
00009553
00002367
00008906
00004460
00002083
00004238
00008394
00002579
00008433
00003138
00007299
00004374
00008970
00003983
00004108
00001866
00004643
00004106
00000119
00009377
00004367
00008626
00006125
00008470
00001862
00006003
00005143
00004363
00007429
00000915
00005598
00002745
00008021
00004637
00003878
00004944
00003156
00001818
00005916
00008018
00008219
00003827
00005315
00007760
00004787
00004931
00009640
00002055
00002524
00000327
00007843
00005314
00005368
00002333
00005382
00005384
00006488
00001238
00006463
00006726
00001987
00003457
00004610
00007985
00002455
00003971
00004881
00004199
00008313
00005160
00004700
00002481
00001970
00004807
00002835
00000274
00008810
00009529
00006058
00000797
00009736
00006560
00009002
00000980
00002770
00006977
00008688
00003202
00009955
00007269
00001740
00004237
00001177
00008652
00009784
00000273
00004680
00008564
00004935
00009634
00004996
00008166
00008703
00005083
00007200
00002223
00005467
00001204
00004790
00005141
00008808
00002865
00003122
00008385
00005802
00006210
00004114
00001840
00002574
00003813
00007194
00007280
00004625
00009755
00004340
00001228
00004334
00005881
00006177
00003839
00007101
00009464
00001877
00005220
00004283
00005200
00007221
00009693
00006334
00004548
00005484
00004264
00001649
00005348
00000276
00007150
00002965
00003428
00005369
00003143
00000809
00009947
00002272
00001390
00007265
00001519
00001524
00004333
00000704
00001406
00009905
00005377
00000135
00007611
00008379
00003947
00003033
00005733
00001107
00009951
00005497
00004912
00007239
00001579
00003705
00009306
00001064
00008398
00005749
00007392
00000618
00009424
00002043
00006456
00002525
00007065
00007741
00003809
00001889
00001668
00009370
00009504
00002983
00008456
00004188
00004056
00004467
00001312
00000746
00001450
00006063
00004698
00000419
00008162
00008352
00002090
00005514
00009130
00000758
00001412
00004410
00000887
00008681
00003831
00007164
00000131
00000868
00009937
00000694
00004725
00009517
00004932
00005840
00001963
00004391
00001777
00008675
00008314
00000661
00005900
00007837
00008413
00009747
00007193
00004627
00005500
00002954
00007839
00008311
00005228
00007539
00002696
00008637
00000512
00008704
00004619
00004005
00005317
00005886
00005670
00003773
00008544
00000955
00007307
00006647
00000953
00008942
00001109
00007758
00002317
00009560
00008024
00000966
00001883
00009936
00000206
00004271
00003196
00000369
00009715
00006322
00009808
00008750
00008396
00000946
00001255
00006519
00001801
00007710
00005690
00000029
00009465
00006455
00004981
00008673
00001159
00004268
00009893
00002697
00001598
00003943
00002730
00005807
00000513
00009279
00000463
00003717
00003427
00005652
00002612
00000174
00000241
00008299
00004776
00002146
00001911
00003611
00009578
00003525
00007245
00004744
00009813
00004364
00009774
00009941
00000441
00002806
00005795
00001311
00000833
00003296
00000168
00005119
00001780
00005899
00000626
00001093
00006528
00005102
00008784
00000016
00007107
00007777
00008115
00000348
00006033
00007795
00004733
00000258
00006166
00001065
00004265
00008771
00000263
00006972
00009161
00004553
00006241
00008646
00003352
00008339
00004618
00008231
00004505
00001139
00004598
00004631
00009908
00004621
00005153
00005443
00000519
00001535
00005801
00005039
00005212
00003844
00009255
00004572
00002425
00007080
00001445
00000102
00004198
00007093
00008100
00006585
00002725
00000049
00006572
00006348
00005056
00002615
00008423
00002751
00006196
00004988
00005688
00006702
00001108
00005214
00005418
00006482
00004799
00001661
